50 50
10 0.0840188 0.0394383 0.0783099 0.079844 0.0911647 0.0197551 0.0335223 0.076823 0.0277775 0.055397 0.0477397 0.0628871 0.0364784 0.0513401 0.095223 0.0916195 0.0635712 0.0717297 0.0141603 0.0606969 0.00163006 0.0242887 0.0137232 0.0804177 0.0156679 0.0400944 0.012979 0.0108809 0.0998925 0.0218257 0.0512932 0.0839112 0.061264 0.0296032 0.0637552 0.0524287 0.0493583 0.0972775 0.0292517 0.0771358 0.0526745 0.0769914 0.0400229 0.0891529 0.0283315 0.0352458 0.0807725 0.0919026 0.00697553 
0.0840188 20 0.0949327 0.0525995 0.00860558 0.0192214 0.0663227 0.0890233 0.0348893 0.00641713 0.0020023 0.0457702 0.00630958 0.023828 0.0970634 0.0902208 0.085092 0.0266666 0.053976 0.0375207 0.0760249 0.0512535 0.0667724 0.0531606 0.00392803 0.0437638 0.0931835 0.093081 0.0720952 0.0284293 0.0738534 0.0639979 0.0354049 0.0687861 0.0165974 0.0440105 0.0880075 0.0829201 0.0330337 0.0228968 0.0893372 0.035036 0.068667 0.0956468 0.058864 0.0657304 0.0858676 0.043956 0.092397 0.0398437 
0.0394383 0.0949327 30 0.0814767 0.0684219 0.0910972 0.0482491 0.0215825 0.0950252 0.0920128 0.014766 0.0881062 0.0641081 0.0431953 0.0619596 0.0281059 0.0786002 0.0307458 0.0447034 0.0226107 0.0187533 0.0276235 0.0556444 0.0416501 0.0169607 0.0906804 0.0103171 0.0126075 0.0495444 0.0760475 0.0984752 0.0935004 0.0684445 0.0383188 0.0749771 0.0368664 0.029416 0.0232262 0.0584489 0.0244413 0.015239 0.0732149 0.0125475 0.079347 0.0164102 0.0745071 0.00745298 0.0950104 0.00525293 0.0521563 
0.0783099 0.0525995 0.0814767 40 0.0176211 0.0240062 0.0797798 0.0732654 0.0656564 0.0967405 0.0639458 0.0759735 0.00934805 0.0134902 0.052021 0.00782321 0.00699064 0.0204655 0.046142 0.0819677 0.0573319 0.0755581 0.00519388 0.0157807 0.0999994 0.0204329 0.0889956 0.0125468 0.0997799 0.00540576 0.087054 0.00723288 0.000416161 0.0923069 0.0593892 0.0180372 0.0163131 0.039169 0.0913027 0.0819695 0.0359095 0.0552485 0.057943 0.0452576 0.0687387 0.00996401 0.0530808 0.0757294 0.0304295 0.0992228 
0.079844 0.00860558 0.0684219 0.0176211 50 0.0576971 0.0877614 0.0747809 0.062891 0.00354209 0.0747803 0.0833239 0.0925377 0.0873271 0.0831038 0.0979434 0.0743811 0.0903366 0.0983596 0.066688 0.0497259 0.0163968 0.0830012 0.0888949 0.00769947 0.0649707 0.0248044 0.062948 0.0229137 0.070062 0.0316867 0.0328777 0.0231428 0.0074161 0.0633072 0.0223656 0.0651132 0.0510686 0.0971466 0.0280042 0.0546107 0.0719269 0.0113281 0.0471483 0.059254 0.0944318 0.0450918 0.0336351 0.0847684 0.0434513 
0.0911647 0.0192214 0.0910972 0.0240062 0.0576971 60 0.000323146 0.0344943 0.0598481 0.0833243 0.0233892 0.0675476 0.048295 0.0481936 0.0304956 0.0712087 0.0182556 0.0621823 0.00408643 0.0413984 0.0695984 0.0673936 0.063764 0.0347116 0.0184622 0.0609106 0.0627158 0.0730729 0.0328374 0.0740438 0.0202213 0.0920914 0.0684757 0.065313 0.0257265 0.0532441 0.00876436 0.0260497 0.0877384 0.0686125 0.00937402 0.0111276 0.0361601 0.0576691 0.0593211 0.0666557 0.0288778 0.0775767 0.0288379 0.0329642 
0.0197551 0.0663227 0.0482491 0.0797798 0.0877614 0.000323146 70 0.0189751 0.0984363 0.000357857 0.0827391 0.0331479 0.0188201 0.0436497 0.0958637 0.091893 0.0764871 0.0699075 0.0121143 0.0685786 0.0383832 0.0774273 0.0943051 0.0916273 0.0861917 0.0203548 0.0793657 0.0548042 0.0297288 0.0904932 0.0909643 0.0873979 0.0498144 0.05762 0.0162757 0.0273911 0.0864579 0.0492399 0.0463662 0.0848942 0.0495977 0.0291053 0.0180421 0.0684178 0.072755 0.0139058 0.0603109 0.0492422 0.0838134 0.0724252 
0.0335223 0.0890233 0.0215825 0.0732654 0.0747809 0.0344943 0.0189751 80 0.0178208 0.0221966 0.0498525 0.0121259 0.0138238 0.0360443 0.0324807 0.0931895 0.0908485 0.0622095 0.0836828 0.0818128 0.0496074 0.0334972 0.0394327 0.0658831 0.0608883 0.0258906 0.015123 0.0072545 0.0107848 0.0647207 0.0363598 0.028827 0.0331386 0.00911486 0.0427328 0.0934495 0.058357 0.0265461 0.0658747 0.0761778 0.0487427 0.0157272 0.0883037 0.0625665 0.0517715 0.0207844 0.0557561 0.0426199 0.0829939 0.0394388 
0.076823 0.0348893 0.0950252 0.0656564 0.062891 0.0598481 0.0984363 0.0178208 90 0.0244327 0.0326013 0.072936 0.0638654 0.0984845 0.0338243 0.089756 0.0136075 0.0410788 0.000540855 0.0783282 0.0774386 0.0293678 0.0114668 0.0865535 0.0721006 0.00491625 0.0449105 0.0986467 0.0707909 0.0210883 0.0473894 0.0865181 0.00939195 0.00995593 0.0382896 0.0301763 0.065712 0.0809095 0.0131702 0.00515083 0.00534223 0.0457716 0.0780868 0.0692076 0.044256 0.0119111 0.0589637 0.0578635 0.0529899 0.0595045 
0.0277775 0.00641713 0.0920128 0.0967405 0.00354209 0.0833243 0.000357857 0.0221966 0.0244327 100 0.0361917 0.0304285 0.0888723 0.0476585 0.016982 0.0609729 0.0525747 0.0618925 0.0596196 0.0233656 0.0829808 0.00700902 0.00988374 0.0923728 0.016965 0.0481733 0.0225491 0.0826769 0.0290829 0.0357193 0.0878278 0.0344251 0.0814909 0.0659146 0.00363274 0.0257469 0.0778257 0.0625964 0.0836104 0.0308157 0.0221009 0.0198021 0.0612442 0.0109733 0.0674605 0.0782262 0.0719462 0.0200352 0.0401188 0.0315658 
0.055397 0.0020023 0.014766 0.0639458 0.0747803 0.0233892 0.0827391 0.0498525 0.0326013 0.0361917 110 0.0434009 0.0230996 0.0385748 0.0532846 0.0154724 0.0555398 0.00145793 0.0380215 0.0382167 0.0305408 0.0737408 0.0260445 0.0649659 0.0552316 0.0919591 0.0685986 0.0809785 0.0697848 0.031195 0.0645889 0.000600477 0.053296 0.084391 0.0618447 0.0642693 0.0518515 0.0400709 0.0362154 0.0718867 0.0801897 0.0677812 0.0152876 0.00328927 0.00635606 0.0685722 0.0187616 0.0618958 0.0700301 0.0567831 
0.0477397 0.0457702 0.0881062 0.0759735 0.0833239 0.0675476 0.0331479 0.0121259 0.072936 0.0304285 0.0434009 120 0.000112548 0.000570914 0.0305239 0.026157 0.0655368 0.0857555 0.0181161 0.0341354 0.0667341 0.0879009 0.0653305 0.031323 0.0885014 0.0186265 0.0157139 0.0503461 0.0828957 0.0675654 0.090417 0.0191112 0.0394521 0.0706067 0.0868924 0.0547397 0.0738959 0.0932485 0.0233119 0.0926576 0.0551443 0.093342 0.0494407 0.0552568 0.0939129 0.0799646 0.0814139 0.0594497 0.0657201 0.09953 
0.0628871 0.00630958 0.0641081 0.00934805 0.0925377 0.048295 0.0188201 0.0138238 0.0638654 0.0888723 0.0230996 0.000112548 130 0.0935852 0.0324541 0.0874309 0.0589157 0.0637771 0.0759324 0.0775421 0.079491 0.0262785 0.0604379 0.0470564 0.0166955 0.079549 0.0865086 0.0873021 0.0664414 0.0412483 0.0611981 0.0596899 0.0645601 0.0538557 0.0148342 0.0579022 0.00329634 0.070091 0.0518151 0.0832609 0.0515049 0.0112648 0.048981 0.0510349 0.00484997 0.0814351 0.0384658 0.0637656 0.0452122 0.0143982 
0.0364784 0.023828 0.0431953 0.0134902 0.0873271 0.0481936 0.0436497 0.0360443 0.0984845 0.0476585 0.0385748 0.000570914 0.0935852 140 0.0413078 0.0247033 0.0406767 0.00174566 0.0717597 0.0573721 0.0812947 0.0582682 0.0446743 0.0477361 0.0995165 0.00587232 0.00742604 0.0640766 0.059728 0.0222602 0.0219788 0.0630243 0.0923513 0.0737939 0.0462852 0.0438562 0.0850586 0.0952662 0.0948911 0.0899086 0.0767014 0.0333569 0.0536742 0.0219136 0.0477551 0.094982 0.0466169 0.0884318 0.0967277 0.0183765 
0.0513401 0.0970634 0.0619596 0.052021 0.0831038 0.0304956 0.0958637 0.0324807 0.0338243 0.016982 0.0532846 0.0305239 0.0324541 0.0413078 150 0.0458039 0.0780224 0.0766448 0.0904782 0.0257585 0.0761612 0.0963505 0.0331846 0.0402379 0.0560785 0.0554448 0.0622167 0.0191028 0.0477961 0.0360105 0.065388 0.0916523 0.0210692 0.0606542 0.0865434 0.0109778 0.0373556 0.0199003 0.064652 0.0592692 0.0676554 0.0596341 0.00588605 0.0560872 0.0563617 0.0242626 0.00189108 0.0343841 0.000907344 0.0923692 
0.095223 0.0902208 0.0281059 0.00782321 0.0979434 0.0712087 0.091893 0.0931895 0.089756 0.0609729 0.0154724 0.026157 0.0874309 0.0247033 0.0458039 160 0.0601427 0.0770686 0.0887197 0.0933273 0.0173065 0.0447982 0.0487721 0.0795231 0.0639009 0.0965682 0.0155336 0.0292889 0.0882204 0.0366028 0.0899431 0.0747638 0.0475806 0.0272987 0.094664 0.0122326 0.0865679 0.0623194 0.0718666 0.092454 0.0184066 0.0282284 0.0167165 0.0202977 0.0626125 0.0176239 0.0126669 0.0227552 0.0946925 0.00138663 
0.0916195 0.085092 0.0786002 0.00699064 0.0743811 0.0182556 0.0764871 0.0908485 0.0136075 0.0525747 0.0555398 0.0655368 0.0589157 0.0406767 0.0780224 0.0601427 170 0.0160824 0.0119989 0.0461848 0.0648545 0.0915221 0.0100857 0.0614227 0.0070557 0.0393746 0.0496431 0.0436585 0.0293177 0.0244069 0.0912391 0.0566164 0.0190709 0.00347164 0.0431844 0.0813904 0.0753383 0.0356383 0.099797 0.00356664 0.0523548 0.0200947 0.0661792 0.0699787 0.0327616 0.0889343 0.0646712 0.0341482 0.00501679 0.0766701 
0.0635712 0.0266666 0.0307458 0.0204655 0.0903366 0.0621823 0.0699075 0.0622095 0.0410788 0.0618925 0.00145793 0.0857555 0.0637771 0.00174566 0.0766448 0.0770686 0.0160824 180 0.080333 0.0698713 0.0681922 0.0904187 0.031294 0.0752479 0.0297933 0.0809371 0.0189064 0.0591111 0.00534394 0.0101454 0.0157275 0.0244149 0.0136171 0.0589119 0.00580523 0.0889553 0.0945502 0.00560222 0.092522 0.046905 0.0256969 0.0587011 0.0168837 0.0584585 0.0476355 0.0815549 0.0926068 0.0526523 0.058225 0.0729398 
0.0717297 0.053976 0.0447034 0.046142 0.0983596 0.00408643 0.0121143 0.0836828 0.000540855 0.0596196 0.0380215 0.0181161 0.0759324 0.0717597 0.0904782 0.0887197 0.0119989 0.080333 190 0.0225236 0.0264172 0.0633585 0.0538175 0.00166506 0.0931518 0.0347546 0.0205714 0.0522629 0.0400985 0.0307168 0.0679904 0.0645134 0.0443339 0.0269022 0.0703186 0.0332892 0.0214524 0.0759208 0.0258112 0.0683574 0.00161775 0.0845123 0.0852411 0.0600763 0.0321478 0.066796 0.052683 0.0848 0.025021 0.0256228 
0.0141603 0.0375207 0.0226107 0.0819677 0.066688 0.0413984 0.0685786 0.0818128 0.0783282 0.0233656 0.0382167 0.0341354 0.0775421 0.0573721 0.0257585 0.0933273 0.0461848 0.0698713 0.0225236 200 0.00732357 0.0514382 0.0889813 0.0611411 0.0531033 0.0821331 0.0958957 0.0736747 0.0343959 0.0359942 0.00439153 0.00238632 0.00050762 0.0487254 0.0292886 0.0708262 0.0820146 0.050741 0.0467471 0.00782579 0.0190984 0.0483648 0.0923381 0.00433947 0.0084411 0.0244858 0.0711355 0.0611241 0.00928584 0.0961565 
0.0606969 0.0760249 0.0187533 0.0573319 0.0497259 0.0695984 0.0383832 0.0496074 0.0774386 0.0829808 0.0305408 0.0667341 0.079491 0.0812947 0.0761612 0.0173065 0.0648545 0.0681922 0.0264172 0.00732357 210 0.0867469 0.0166094 0.0475947 0.0757282 0.0777505 0.000698012 0.0578613 0.0736462 0.0743727 0.0922572 0.00964041 0.0787642 0.0946435 0.010148 0.0274897 0.0239321 0.0809743 0.00950427 0.074673 0.0277214 0.0173301 0.0937714 0.0760862 0.00966814 0.0981109 0.0845273 0.034154 0.0692463 0.0456514 
0.00163006 0.0512535 0.0276235 0.0755581 0.0163968 0.0673936 0.0774273 0.0334972 0.0293678 0.00700902 0.0737408 0.0879009 0.0262785 0.0582682 0.0963505 0.0447982 0.0915221 0.0904187 0.0633585 0.0514382 0.0867469 220 0.0434398 0.0654029 0.0323983 0.0600492 0.0129976 0.0081265 0.0377997 0.0136956 0.0659878 0.0114459 0.0880683 0.058245 0.0210863 0.0668326 0.0528885 0.0312343 0.0943222 0.0768206 0.0122086 0.00382648 0.0514936 0.03993 0.0211565 0.045265 0.0160162 0.0308247 0.0433758 0.000543489 
0.0242887 0.0667724 0.0556444 0.00519388 0.0830012 0.063764 0.0943051 0.0394327 0.0114668 0.00988374 0.0260445 0.0653305 0.0604379 0.0446743 0.0331846 0.0487721 0.0100857 0.031294 0.0538175 0.0889813 0.0166094 0.0434398 230 0.0649787 0.0126222 0.0461949 0.00841846 0.0780251 0.0785932 0.0684677 0.0910227 0.0867197 0.00626739 0.00471826 0.0527075 0.0177133 0.0927866 0.0109525 0.0387996 0.0596191 0.0638409 0.070034 0.0539413 0.0406615 0.0822426 0.0577678 0.0921551 0.0221726 0.0789244 0.0374201 
0.0137232 0.0531606 0.0416501 0.0157807 0.0888949 0.0347116 0.0916273 0.0658831 0.0865535 0.0923728 0.0649659 0.031323 0.0470564 0.0477361 0.0402379 0.0795231 0.0614227 0.0752479 0.00166506 0.0611411 0.0475947 0.0654029 0.0649787 240 0.0381888 0.00974906 0.0807959 0.0387323 0.0747277 0.0934181 0.0849272 0.0831462 0.0714432 0.0635204 0.0516139 0.0624658 0.0502401 0.0578813 0.0671841 0.00294762 0.0755945 0.0599707 0.0139001 0.0143942 0.0195898 0.077741 0.0844281 0.0735311 0.0184025 0.0666707 
0.0804177 0.00392803 0.0169607 0.0999994 0.00769947 0.0184622 0.0861917 0.0608883 0.0721006 0.016965 0.0552316 0.0885014 0.0166955 0.0995165 0.0560785 0.0639009 0.0070557 0.0297933 0.0931518 0.0531033 0.0757282 0.0323983 0.0126222 0.0381888 250 0.031299 0.0105576 0.0888433 0.0102233 0.0479777 0.0270321 0.0199724 0.0287736 0.0657643 0.0947001 0.0221918 0.0506915 0.0778463 0.0936349 0.0142119 0.0294601 0.0561007 0.064452 0.0873414 0.0232848 0.0673996 0.0629359 0.0832555 0.0812997 0.0773301 
0.0156679 0.0437638 0.0906804 0.0204329 0.0649707 0.0609106 0.0203548 0.0258906 0.00491625 0.0481733 0.0919591 0.0186265 0.079549 0.00587232 0.0554448 0.0965682 0.0393746 0.0809371 0.0347546 0.0821331 0.0777505 0.0600492 0.0461949 0.00974906 0.031299 260 0.00284525 0.0590407 0.0617582 0.0763764 0.0774432 0.0284289 0.00767534 0.0880009 0.0172722 0.0178987 0.0359786 0.0443043 0.037871 0.0647522 0.0100686 0.0325711 0.086944 0.06076 0.0104174 0.0805789 0.0749719 0.0398775 0.0366796 0.0394239 
0.0400944 0.0931835 0.0103171 0.0889956 0.0248044 0.0627158 0.0793657 0.015123 0.0449105 0.0225491 0.0685986 0.0157139 0.0865086 0.00742604 0.0622167 0.0155336 0.0496431 0.0189064 0.0205714 0.0958957 0.000698012 0.0129976 0.00841846 0.0807959 0.0105576 0.00284525 270 0.0272189 0.0599644 0.00682348 0.0901549 0.0432199 0.0881232 0.067485 0.0460652 0.0471639 0.0292432 0.0224415 0.0246071 0.0576721 0.0301169 0.012608 0.0749443 0.0480156 0.0485866 0.0192486 0.0858866 0.0133388 0.0293171 0.0184577 
0.012979 0.093081 0.0126075 0.0125468 0.062948 0.0730729 0.0548042 0.0072545 0.0986467 0.0826769 0.0809785 0.0503461 0.0873021 0.0640766 0.0191028 0.0292889 0.0436585 0.0591111 0.0522629 0.0736747 0.0578613 0.0081265 0.0780251 0.0387323 0.0888433 0.0590407 0.0272189 280 0.000282779 0.0900772 0.0288752 0.0808617 0.0650491 0.0687527 0.0175413 0.00447295 0.0959716 0.0775058 0.0112964 0.0861265 0.0207257 0.0994196 0.0536115 0.0667908 0.0465835 0.0828546 0.0892324 0.0711906 0.0405267 0.0193493 
0.0108809 0.0720952 0.0495444 0.0997799 0.0229137 0.0328374 0.0297288 0.0107848 0.0707909 0.0290829 0.0697848 0.0828957 0.0664414 0.059728 0.0477961 0.0882204 0.0293177 0.00534394 0.0400985 0.0343959 0.0736462 0.0377997 0.0785932 0.0747277 0.0102233 0.0617582 0.0599644 0.000282779 290 0.0837986 0.0154711 0.0673648 0.0323852 0.0347196 0.0532514 0.045724 0.0640368 0.0717092 0.0460067 0.054114 0.000584319 0.0268684 0.019163 0.069337 0.0444097 0.023636 0.0653087 0.0219155 0.0349324 0.0514352 
0.0998925 0.0284293 0.0760475 0.00540576 0.070062 0.0740438 0.0904932 0.0647207 0.0210883 0.0357193 0.031195 0.0675654 0.0412483 0.0222602 0.0360105 0.0366028 0.0244069 0.0101454 0.0307168 0.0359942 0.0743727 0.0136956 0.0684677 0.0934181 0.0479777 0.0763764 0.00682348 0.0900772 0.0837986 300 0.0426412 0.034352 0.00504663 0.00943199 0.0809355 0.0879013 0.0986644 0.0521261 0.028428 0.0180136 0.0359247 0.043899 0.0853785 0.0683098 0.0786187 0.0386299 0.0140338 0.0426555 0.010339 0.0600405 
0.0218257 0.0738534 0.0984752 0.087054 0.0316867 0.0202213 0.0909643 0.0363598 0.0473894 0.0878278 0.0645889 0.090417 0.0611981 0.0219788 0.065388 0.0899431 0.0912391 0.0157275 0.0679904 0.00439153 0.0922572 0.0659878 0.0910227 0.0849272 0.0270321 0.0774432 0.0901549 0.0288752 0.0154711 0.0426412 310 0.0967694 0.0109233 0.086909 0.0159324 0.0802604 0.0313187 0.0395684 0.045569 0.0532342 0.0745008 0.0970042 0.0958753 0.00885283 0.00205084 0.00530733 0.0897883 0.0899521 0.0039717 0.0419144 
0.0512932 0.0639979 0.0935004 0.00723288 0.0328777 0.0920914 0.0873979 0.028827 0.0865181 0.0344251 0.000600477 0.0191112 0.0596899 0.0630243 0.0916523 0.0747638 0.0566164 0.0244149 0.0645134 0.00238632 0.00964041 0.0114459 0.0867197 0.0831462 0.0199724 0.0284289 0.0432199 0.0808617 0.0673648 0.034352 0.0967694 320 0.0183801 0.0219853 0.0778391 0.0622791 0.00736379 0.0461489 0.0408978 0.0459937 0.0601827 0.0835533 0.0563327 0.0202232 0.0803227 0.067256 0.0071322 0.0962551 0.0475164 0.0384509 
0.0839112 0.0354049 0.0684445 0.000416161 0.0231428 0.0684757 0.0498144 0.0331386 0.00939195 0.0814909 0.053296 0.0394521 0.0645601 0.0923513 0.0210692 0.0475806 0.0190709 0.0136171 0.0443339 0.00050762 0.0787642 0.0880683 0.00626739 0.0714432 0.0287736 0.00767534 0.0881232 0.0650491 0.0323852 0.00504663 0.0109233 0.0183801 330 0.0358235 0.0930854 0.0916851 0.0103244 0.0900896 0.0875604 0.0191772 0.0921405 0.0928678 0.0089655 0.0820926 0.0968395 0.0508799 0.000472651 0.0188248 0.0287189 0.0627518 
0.061264 0.0687861 0.0383188 0.0923069 0.0074161 0.065313 0.05762 0.00911486 0.00995593 0.0659146 0.084391 0.0706067 0.0538557 0.0737939 0.0606542 0.0272987 0.00347164 0.0589119 0.0269022 0.0487254 0.0946435 0.058245 0.00471826 0.0635204 0.0657643 0.0880009 0.067485 0.0687527 0.0347196 0.00943199 0.086909 0.0219853 0.0358235 340 0.0261886 0.0748678 0.00364959 0.0721822 0.0350505 0.0872028 0.0285149 0.0552738 0.0675255 0.0957709 0.062406 0.0637806 0.0432873 0.000856861 0.0996042 0.0363727 
0.0296032 0.0165974 0.0749771 0.0593892 0.0633072 0.0257265 0.0162757 0.0427328 0.0382896 0.00363274 0.0618447 0.0868924 0.0148342 0.0462852 0.0865434 0.094664 0.0431844 0.00580523 0.0703186 0.0292886 0.010148 0.0210863 0.0527075 0.0516139 0.0947001 0.0172722 0.0460652 0.0175413 0.0532514 0.0809355 0.0159324 0.0778391 0.0930854 0.0261886 350 0.092542 0.00992851 0.0264624 0.0801024 0.0291057 0.0186029 0.0729702 0.0380712 0.000695418 0.0698096 0.0889511 0.00116807 0.0886344 0.01767 0.0639199 
0.0637552 0.0440105 0.0368664 0.0180372 0.0223656 0.0532441 0.0273911 0.0934495 0.0301763 0.0257469 0.0642693 0.0547397 0.0579022 0.0438562 0.0109778 0.0122326 0.0813904 0.0889553 0.0332892 0.0708262 0.0274897 0.0668326 0.0177133 0.0624658 0.0221918 0.0178987 0.0471639 0.00447295 0.045724 0.0879013 0.0802604 0.0622791 0.0916851 0.0748678 0.092542 360 0.014823 0.0925379 0.0675694 0.0870053 0.0275884 0.0547723 0.0155202 0.0828622 0.0222978 0.0112911 0.0452681 0.0860784 0.0545784 0.046125 
0.0524287 0.0880075 0.029416 0.0163131 0.0651132 0.00876436 0.0864579 0.058357 0.065712 0.0778257 0.0518515 0.0738959 0.00329634 0.0850586 0.0373556 0.0865679 0.0753383 0.0945502 0.0214524 0.0820146 0.0239321 0.0528885 0.0927866 0.0502401 0.0506915 0.0359786 0.0292432 0.0959716 0.0640368 0.0986644 0.0313187 0.00736379 0.0103244 0.00364959 0.00992851 0.014823 370 0.0856826 0.0909512 0.0386669 0.0956111 0.0174136 0.0187693 0.0247168 0.0360164 0.0917395 0.062788 0.0367118 0.0615491 0.0517391 
0.0493583 0.0829201 0.0232262 0.039169 0.0510686 0.0260497 0.0492399 0.0265461 0.0809095 0.0625964 0.0400709 0.0932485 0.070091 0.0952662 0.0199003 0.0623194 0.0356383 0.00560222 0.0759208 0.050741 0.0809743 0.0312343 0.0109525 0.0578813 0.0778463 0.0443043 0.0224415 0.0775058 0.0717092 0.0521261 0.0395684 0.0461489 0.0900896 0.0721822 0.0264624 0.0925379 0.0856826 380 0.0378799 0.0501835 0.0694091 0.00179977 0.0650066 0.061947 0.0693692 0.0520118 0.0895354 0.0241415 0.067532 0.0723975 
0.0972775 0.0330337 0.0584489 0.0913027 0.0971466 0.0877384 0.0463662 0.0658747 0.0131702 0.0836104 0.0362154 0.0233119 0.0518151 0.0948911 0.064652 0.0718666 0.099797 0.092522 0.0258112 0.0467471 0.00950427 0.0943222 0.0387996 0.0671841 0.0936349 0.037871 0.0246071 0.0112964 0.0460067 0.028428 0.045569 0.0408978 0.0875604 0.0350505 0.0801024 0.0675694 0.0909512 0.0378799 390 0.0464393 0.0788231 0.0176656 0.0325177 0.0334016 0.0637906 0.0182003 0.0243528 0.00245755 0.0138114 0.0417663 
0.0292517 0.0228968 0.0244413 0.0819695 0.0280042 0.0686125 0.0848942 0.0761778 0.00515083 0.0308157 0.0718867 0.0926576 0.0832609 0.0899086 0.0592692 0.092454 0.00356664 0.046905 0.0683574 0.00782579 0.074673 0.0768206 0.0596191 0.00294762 0.0142119 0.0647522 0.0576721 0.0861265 0.054114 0.0180136 0.0532342 0.0459937 0.0191772 0.0872028 0.0291057 0.0870053 0.0386669 0.0501835 0.0464393 400 0.0212269 0.0385282 0.0777828 0.0129663 0.00131615 0.0144946 0.0745154 0.0530552 0.0523745 0.024699 
0.0771358 0.0893372 0.015239 0.0359095 0.0546107 0.00937402 0.0495977 0.0487427 0.00534223 0.0221009 0.0801897 0.0551443 0.0515049 0.0767014 0.0676554 0.0184066 0.0523548 0.0256969 0.00161775 0.0190984 0.0277214 0.0122086 0.0638409 0.0755945 0.0294601 0.0100686 0.0301169 0.0207257 0.000584319 0.0359247 0.0745008 0.0601827 0.0921405 0.0285149 0.0186029 0.0275884 0.0956111 0.0694091 0.0788231 0.0212269 410 0.0224643 0.0541743 0.0897055 0.0844113 0.0235435 0.0417174 0.0739467 0.047685 0.00924937 
0.0526745 0.035036 0.0732149 0.0552485 0.0719269 0.0111276 0.0291053 0.0157272 0.0457716 0.0198021 0.0677812 0.093342 0.0112648 0.0333569 0.0596341 0.0282284 0.0200947 0.0587011 0.0845123 0.0483648 0.0173301 0.00382648 0.070034 0.0599707 0.0561007 0.0325711 0.012608 0.0994196 0.0268684 0.043899 0.0970042 0.0835533 0.0928678 0.0552738 0.0729702 0.0547723 0.0174136 0.00179977 0.0176656 0.0385282 0.0224643 420 0.0463442 0.0941243 0.0880725 0.0640098 0.026642 0.0214741 0.0278005 0.0448423 
0.0769914 0.068667 0.0125475 0.057943 0.0113281 0.0361601 0.0180421 0.0883037 0.0780868 0.0612442 0.0152876 0.0494407 0.048981 0.0536742 0.00588605 0.0167165 0.0661792 0.0168837 0.0852411 0.0923381 0.0937714 0.0514936 0.0539413 0.0139001 0.064452 0.086944 0.0749443 0.0536115 0.019163 0.0853785 0.0958753 0.0563327 0.0089655 0.0675255 0.0380712 0.0155202 0.0187693 0.0650066 0.0325177 0.0777828 0.0541743 0.0463442 430 0.0458269 0.030258 0.0586537 0.0875932 0.0514849 0.0971818 0.065376 
0.0400229 0.0956468 0.079347 0.0452576 0.0471483 0.0576691 0.0684178 0.0625665 0.0692076 0.0109733 0.00328927 0.0552568 0.0510349 0.0219136 0.0560872 0.0202977 0.0699787 0.0584585 0.0600763 0.00433947 0.0760862 0.03993 0.0406615 0.0143942 0.0873414 0.06076 0.0480156 0.0667908 0.069337 0.0683098 0.00885283 0.0202232 0.0820926 0.0957709 0.000695418 0.0828622 0.0247168 0.061947 0.0334016 0.0129663 0.0897055 0.0941243 0.0458269 440 0.0644512 0.098498 0.0798706 0.0389667 0.0515532 0.0322451 
0.0891529 0.058864 0.0164102 0.0687387 0.059254 0.0593211 0.072755 0.0517715 0.044256 0.0674605 0.00635606 0.0939129 0.00484997 0.0477551 0.0563617 0.0626125 0.0327616 0.0476355 0.0321478 0.0084411 0.00966814 0.0211565 0.0822426 0.0195898 0.0232848 0.0104174 0.0485866 0.0465835 0.0444097 0.0786187 0.00205084 0.0803227 0.0968395 0.062406 0.0698096 0.0222978 0.0360164 0.0693692 0.0637906 0.00131615 0.0844113 0.0880725 0.030258 0.0644512 450 0.0636656 0.0740175 0.0864194 0.0533712 0.0584288 
0.0283315 0.0657304 0.0745071 0.00996401 0.0944318 0.0666557 0.0139058 0.0207844 0.0119111 0.0782262 0.0685722 0.0799646 0.0814351 0.094982 0.0242626 0.0176239 0.0889343 0.0815549 0.066796 0.0244858 0.0981109 0.045265 0.0577678 0.077741 0.0673996 0.0805789 0.0192486 0.0828546 0.023636 0.0386299 0.00530733 0.067256 0.0508799 0.0637806 0.0889511 0.0112911 0.0917395 0.0520118 0.0182003 0.0144946 0.0235435 0.0640098 0.0586537 0.098498 0.0636656 460 0.00996293 0.0950885 0.0323755 0.0576479 
0.0352458 0.0858676 0.00745298 0.0530808 0.0450918 0.0288778 0.0603109 0.0557561 0.0589637 0.0719462 0.0187616 0.0814139 0.0384658 0.0466169 0.00189108 0.0126669 0.0646712 0.0926068 0.052683 0.0711355 0.0845273 0.0160162 0.0921551 0.0844281 0.0629359 0.0749719 0.0858866 0.0892324 0.0653087 0.0140338 0.0897883 0.0071322 0.000472651 0.0432873 0.00116807 0.0452681 0.062788 0.0895354 0.0243528 0.0745154 0.0417174 0.026642 0.0875932 0.0798706 0.0740175 0.00996293 470 0.0043379 0.0787197 0.0517722 
0.0807725 0.043956 0.0950104 0.0757294 0.0336351 0.0775767 0.0492422 0.0426199 0.0578635 0.0200352 0.0618958 0.0594497 0.0637656 0.0884318 0.0343841 0.0227552 0.0341482 0.0526523 0.0848 0.0611241 0.034154 0.0308247 0.0221726 0.0735311 0.0832555 0.0398775 0.0133388 0.0711906 0.0219155 0.0426555 0.0899521 0.0962551 0.0188248 0.000856861 0.0886344 0.0860784 0.0367118 0.0241415 0.00245755 0.0530552 0.0739467 0.0214741 0.0514849 0.0389667 0.0864194 0.0950885 0.0043379 480 0.0924104 0.0427295 
0.0919026 0.092397 0.00525293 0.0304295 0.0847684 0.0288379 0.0838134 0.0829939 0.0529899 0.0401188 0.0700301 0.0657201 0.0452122 0.0967277 0.000907344 0.0946925 0.00501679 0.058225 0.025021 0.00928584 0.0692463 0.0433758 0.0789244 0.0184025 0.0812997 0.0366796 0.0293171 0.0405267 0.0349324 0.010339 0.0039717 0.0475164 0.0287189 0.0996042 0.01767 0.0545784 0.0615491 0.067532 0.0138114 0.0523745 0.047685 0.0278005 0.0971818 0.0515532 0.0533712 0.0323755 0.0787197 0.0924104 490 0.0784142 
0.00697553 0.0398437 0.0521563 0.0992228 0.0434513 0.0329642 0.0724252 0.0394388 0.0595045 0.0315658 0.0567831 0.09953 0.0143982 0.0183765 0.0923692 0.00138663 0.0766701 0.0729398 0.0256228 0.0961565 0.0456514 0.000543489 0.0374201 0.0666707 0.0773301 0.0394239 0.0184577 0.0193493 0.0514352 0.0600405 0.0419144 0.0384509 0.0627518 0.0363727 0.0639199 0.046125 0.0517391 0.0723975 0.0417663 0.024699 0.00924937 0.0448423 0.065376 0.0322451 0.0584288 0.0576479 0.0517722 0.0427295 0.0784142 500 
